1965 1 27 32 26 14 15 12 26 26 26 18 20 18 22 15 25 36 25 25 23 24 15 20 15 24 26 44 30 26 14 13 18
1965 2 28 19 19 14 27 20 13 18 23 34 20 35 19 8 19 12 20 32 28 19 25 22 18 15 39 23 18 15 0 0 0
1965 3 18 16 18 22 14 19 10 18 28 22 13 12 9 28 19 18 34 36 22 23 31 36 22 21 16 19 18 19 26 19 19
1965 4 28 24 16 13 14 22 26 36 22 20 35 28 25 12 24 27 34 22 10 14 35 20 28 32 28 24 13 20 19 22 0
1965 5 28 21 25 22 13 19 16 16 34 20 19 18 13 11 30 31 16 18 15 16 13 45 14 15 28 27 21 18 13 9 23
1965 6 35 21 18 15 15 24 13 15 16 9 16 18 19 19 21 19 19 20 15 23 16 26 22 19 19 18 18 20 20 16 0
1965 7 11 23 16 12 19 14 21 10 26 19 19 15 14 23 13 16 21 19 20 16 8 19 14 30 15 11 19 19 20 13 13
1965 8 26 21 12 15 16 16 19 22 31 19 10 16 22 19 13 13 28 36 19 14 13 14 15 9 23 32 36 26 9 20 20
1965 9 22 10 14 20 13 13 8 8 19 24 23 19 11 23 32 16 16 8 18 16 25 34 13 16 15 18 15 13 11 22 0
1965 10 20 19 20 18 11 14 34 35 20 13 18 19 19 18 19 11 9 13 14 14 11 18 28 21 23 18 20 20 16 20 28
1965 11 15 23 23 19 12 10 15 21 18 8 9 27 22 18 22 34 32 12 8 24 12 14 20 13 14 37 40 28 19 10 0
1965 12 25 19 25 21 25 26 22 21 16 13 18 23 24 18 12 15 19 19 9 16 14 20 21 27 31 18 15 16 23 27 28
1966 1 21 27 27 12 10 20 23 21 26 28 18 25 28 12 25 19 13 10 13 13 11 18 24 9 14 16 30 12 23 23 22
1966 2 20 18 18 20 12 15 11 16 26 33 20 15 33 14 12 26 25 22 21 18 13 10 14 8 24 19 19 24 0 0 0
1966 3 28 19 23 33 28 27 20 11 12 15 19 19 15 8 19 12 19 33 37 16 22 30 33 31 24 25 14 19 21 27 24
1966 4 37 22 21 20 30 32 24 18 19 10 18 20 19 13 15 18 16 26 22 26 24 14 27 19 16 21 23 23 19 18 0
1966 5 19 14 20 13 33 26 21 27 24 11 19 26 14 15 14 18 14 20 24 21 14 19 19 19 18 8 12 20 14 19 19
1966 6 15 11 18 19 21 28 12 12 30 22 15 13 23 22 15 19 11 12 8 15 11 8 8 10 11 18 44 24 8 12 0
1966 7 13 12 13 30 21 19 18 11 43 16 34 37 30 20 19 14 10 19 27 28 14 11 16 11 11 9 19 39 19 18 9
1966 8 16 25 13 11 10 8 28 15 13 19 15 9 18 18 18 22 7 12 18 10 18 19 16 10 16 13 13 9 11 7 9
1966 9 8 15 18 20 26 13 14 15 7 8 16 13 21 18 24 8 13 11 18 18 10 20 24 13 12 10 9 10 34 12 0
1966 10 22 14 24 28 19 9 14 19 26 28 28 10 24 24 28 19 11 16 16 18 20 28 13 12 13 11 9 18 26 19 23
1966 11 12 31 27 22 15 15 21 28 26 25 11 12 18 10 13 20 26 19 14 15 13 21 22 20 20 18 34 28 26 19 0
1966 12 19 19 10 19 22 25 27 30 22 24 16 13 10 12 19 19 24 18 19 22 11 19 19 16 25 15 13 31 32 16 18
1967 1 19 15 23 12 12 26 35 19 20 25 19 28 20 25 24 32 28 16 16 26 30 27 26 20 26 20 28 28 14 19 22
1967 2 19 25 19 26 25 28 22 15 19 31 24 13 19 39 61 61 13 9 16 19 27 28 34 37 20 19 24 26 0 0 0
1967 3 19 27 19 25 20 19 14 13 16 24 20 18 19 15 34 37 45 15 12 23 33 14 23 18 21 22 19 21 13 19 26
1967 4 26 33 28 28 21 22 26 22 40 21 18 23 21 26 32 20 38 35 16 20 24 42 22 22 14 24 25 9 19 23 0
1967 5 28 24 9 12 19 20 36 35 23 14 36 19 12 28 23 13 26 25 26 19 16 20 14 16 18 22 20 34 20 21 20
1967 6 23 20 15 15 15 16 16 19 19 19 19 13 10 11 15 19 19 20 12 13 21 18 13 20 22 9 12 39 12 14 0
1967 7 13 20 16 24 8 22 18 10 16 16 16 20 24 19 13 9 18 13 15 19 14 12 24 25 16 19 20 16 13 32 16
1967 8 18 18 20 16 18 9 18 13 20 19 18 15 9 11 9 9 19 19 16 18 9 16 18 14 14 18 22 16 15 22 23
1967 9 19 18 13 13 11 10 12 10 19 24 19 15 16 13 12 13 9 11 11 19 24 20 16 21 13 25 23 24 22 28 0
1967 10 13 19 20 18 16 18 16 32 20 18 8 10 19 12 23 20 26 37 21 28 18 10 19 33 28 19 34 9 21 19 18
1967 11 15 13 19 24 19 15 14 21 22 19 24 28 16 26 19 19 24 34 18 12 15 13 14 10 25 18 25 25 14 23 0
1967 12 19 19 28 15 11 16 26 19 21 19 27 33 13 18 18 16 19 28 10 19 33 27 18 16 25 20 11 25 15 15 24
1968 1 12 11 20 35 19 22 23 18 19 16 20 22 19 15 28 10 18 18 22 18 13 18 27 16 9 13 20 21 20 19 15
1968 2 32 33 27 11 10 8 16 19 28 21 21 26 19 23 28 28 28 24 25 23 16 20 11 18 12 9 19 21 24 0 0
1968 3 26 22 22 36 28 21 9 23 26 18 22 31 24 20 22 15 12 15 21 18 15 27 35 27 19 26 24 25 22 18 26
1968 4 19 26 24 47 24 14 26 30 15 40 13 22 27 28 23 19 21 16 15 21 19 13 37 34 26 25 13 11 15 23 0
1968 5 21 28 28 24 19 15 25 28 30 12 19 11 18 19 42 35 14 19 28 28 15 14 28 18 27 22 22 13 10 19 13
1968 6 22 19 19 9 12 13 11 12 12 18 24 27 20 24 24 15 12 15 15 15 22 19 26 21 38 22 22 23 27 24 0
1968 7 19 19 16 8 12 14 10 24 16 18 16 13 15 19 19 12 16 25 19 14 12 42 14 21 14 11 19 15 11 14 22
1968 8 11 9 22 18 15 19 24 31 14 20 16 11 11 11 14 18 35 19 15 19 10 13 13 20 22 14 15 15 12 11 11
1968 9 22 25 18 21 16 20 9 14 20 14 19 12 8 9 13 14 22 19 20 18 11 11 14 22 15 16 14 12 10 13 0
1968 10 22 26 28 22 11 19 9 15 20 20 14 9 11 15 14 19 19 16 16 19 10 26 18 13 16 21 27 23 19 9 14
1968 11 24 13 14 11 7 10 24 23 15 10 19 25 16 19 30 22 14 26 28 22 36 18 26 20 15 32 19 42 35 10 0
1968 12 20 26 20 25 42 20 18 23 12 16 19 31 33 21 27 19 12 15 28 28 19 33 36 26 13 19 27 46 31 20 32
1969 1 34 12 27 19 27 38 26 26 30 21 13 9 10 11 14 18 25 26 18 19 11 14 20 27 28 16 19 22 32 31 20
1969 2 20 24 28 30 19 15 11 32 35 19 27 27 18 13 27 25 14 13 16 13 18 16 14 15 19 19 16 21 0 0 0
1969 3 18 16 15 19 12 13 16 14 23 25 26 12 19 32 19 13 20 10 12 42 34 11 15 32 28 32 19 34 22 22 14
1969 4 28 27 12 22 23 28 10 18 33 25 14 16 12 22 16 12 26 30 28 9 40 30 25 19 15 22 30 30 19 14 0
1969 5 12 19 21 12 13 16 22 37 28 31 33 25 15 15 16 19 22 23 12 14 22 16 13 12 21 15 10 13 16 14 22
1969 6 25 26 22 19 22 25 13 30 19 10 19 43 19 16 22 11 9 15 25 20 19 33 28 15 19 23 31 19 16 18 0
1969 7 12 10 27 25 44 12 16 12 11 12 44 19 13 12 13 15 16 14 16 13 11 13 9 14 10 18 24 19 15 10 15
1969 8 19 15 11 13 9 9 21 21 27 15 11 8 12 10 12 16 12 15 19 13 13 16 11 10 10 15 9 10 10 7 11
1969 9 24 14 11 13 20 26 12 19 20 14 12 12 12 14 19 19 21 20 24 14 15 13 15 20 14 16 19 15 18 14 0
1969 10 19 16 9 11 11 15 22 26 18 25 27 15 26 19 19 24 26 15 19 27 25 25 13 14 14 20 20 14 22 11 13
1969 11 18 14 14 20 14 13 16 15 10 8 15 25 18 23 26 19 26 25 28 25 13 21 14 10 15 11 20 18 19 34 0
1969 12 32 32 27 20 8 19 26 19 18 15 21 22 23 25 21 14 8 28 19 11 14 19 23 15 12 19 13 16 14 19 19
1970 1 13 12 19 15 16 15 24 30 22 12 11 16 10 11 12 19 11 19 10 30 22 19 18 26 23 22 22 31 24 21 27
1970 2 24 24 24 28 24 12 13 13 13 19 20 26 16 20 18 13 19 33 26 25 25 37 8 24 34 30 28 11 0 0 0
1970 3 19 12 19 21 20 10 22 18 20 18 15 32 21 27 30 13 18 14 22 31 20 16 20 20 27 44 22 23 22 13 14
1970 4 28 53 26 19 19 28 20 28 37 22 20 22 28 15 14 14 22 22 30 46 42 27 25 25 28 19 24 19 23 22 0
1970 5 35 19 8 23 28 15 16 30 37 24 25 34 25 52 26 20 24 11 15 11 12 20 23 26 31 28 9 19 15 16 22
1970 6 24 26 20 14 21 21 16 12 10 12 13 14 22 16 19 18 23 28 19 10 26 11 12 22 19 32 20 11 23 18 0
1970 7 19 49 25 20 11 10 15 22 10 16 14 14 10 24 22 19 13 13 19 22 11 19 19 10 7 18 11 14 24 22 18
1970 8 34 13 15 12 11 14 18 8 28 22 19 13 18 15 12 18 13 18 23 23 14 13 19 9 9 9 13 16 13 24 15
1970 9 12 14 28 27 12 13 15 19 15 23 12 13 16 11 19 12 19 19 12 14 21 27 20 30 19 34 16 20 19 19 0
1970 10 13 26 27 16 20 18 13 22 34 20 14 11 13 18 19 21 12 13 13 18 11 9 12 20 13 9 15 19 18 11 16
1970 11 13 20 11 19 21 22 15 9 26 24 19 19 16 25 28 22 14 18 25 34 18 28 31 19 27 21 19 18 19 15 0
1970 12 31 19 37 44 34 28 12 22 26 13 16 16 23 27 13 25 24 19 28 16 18 24 33 27 28 25 28 10 10 12 16
1971 1 15 18 22 27 25 12 13 10 16 14 13 18 15 21 25 15 14 16 19 25 27 19 27 10 20 61 32 30 39 42 23
1971 2 26 15 19 27 42 19 19 32 23 27 30 23 33 19 13 15 22 15 26 28 18 28 31 21 14 35 44 28 0 0 0
1971 3 12 21 32 26 22 30 34 34 13 22 20 19 12 31 44 32 15 22 40 33 28 26 24 18 14 19 19 21 24 18 28
1971 4 33 35 30 14 23 28 19 23 32 13 15 23 36 13 15 12 22 18 19 10 21 23 14 27 23 21 26 31 16 14 0
1971 5 28 20 20 27 21 22 19 20 13 19 16 25 18 13 15 51 12 22 31 19 21 16 19 39 31 22 19 16 18 16 13
1971 6 20 19 13 14 16 26 23 19 18 11 24 13 24 18 13 18 16 11 16 20 19 14 10 12 31 16 11 26 18 20 0
1971 7 23 15 14 16 22 10 10 19 19 14 20 12 22 14 24 16 16 14 26 10 9 12 19 18 14 16 10 19 13 15 12
1971 8 12 15 9 18 16 12 8 8 10 19 20 13 8 9 15 16 9 9 19 19 16 21 19 11 18 16 13 14 9 7 11
1971 9 12 20 13 15 15 18 12 5 9 10 12 19 19 13 16 21 11 19 10 24 8 12 20 19 16 15 15 19 12 11 0
1971 10 9 11 19 18 18 22 16 24 20 15 22 9 25 13 10 12 10 12 15 20 18 11 15 16 13 15 27 11 11 12 11
1971 11 21 27 22 15 22 24 19 13 14 19 11 18 14 20 18 10 16 25 33 21 28 19 19 14 10 18 22 20 25 20 0
1971 12 10 8 18 19 18 14 30 11 15 46 33 15 14 21 50 19 34 20 31 14 16 21 27 23 18 21 30 26 14 42 20
1972 1 18 21 14 21 25 27 26 21 34 20 18 25 28 25 21 22 26 28 23 19 18 22 16 39 35 15 16 19 11 24 25
1972 2 15 19 34 34 24 24 19 9 11 16 13 10 23 22 37 12 14 22 37 26 26 27 18 11 18 22 22 39 20 0 0
1972 3 28 27 19 25 30 25 38 25 24 18 27 20 26 26 16 21 19 19 11 13 35 34 22 18 14 11 13 16 31 24 18
1972 4 30 19 19 32 28 35 32 31 11 19 16 21 44 18 26 47 24 21 21 27 25 30 25 20 21 13 13 11 20 14 0
1972 5 30 30 13 20 12 24 18 18 26 19 11 19 20 33 24 15 15 14 19 18 11 15 18 10 15 15 15 13 30 24 19
1972 6 21 21 22 16 12 18 13 15 23 24 10 24 23 22 19 15 12 8 15 15 20 26 27 15 10 11 9 13 22 19 0
1972 7 13 14 19 13 21 11 14 15 21 15 27 22 19 25 27 16 13 18 16 12 14 12 18 57 19 12 16 15 18 14 8
1972 8 12 20 18 19 13 22 26 22 19 9 16 15 9 15 16 12 20 18 46 11 10 26 16 15 13 24 15 13 16 11 9
1972 9 19 19 14 7 10 15 16 21 19 18 19 13 18 24 14 16 21 27 14 13 19 13 12 18 16 18 14 12 26 23 0
1972 10 15 13 12 13 15 13 19 19 11 16 27 21 14 26 12 21 19 13 18 14 16 19 28 13 12 13 19 11 15 13 19
1972 11 15 24 12 15 10 14 23 24 14 19 18 13 25 24 19 19 9 10 16 19 9 11 12 13 13 23 20 16 9 12 0
1972 12 30 27 19 14 24 32 15 15 13 21 14 25 23 13 32 32 24 24 22 10 14 18 11 13 16 21 27 13 21 31 26
1973 1 21 13 33 28 15 21 18 23 20 19 19 12 21 22 18 19 20 25 27 21 27 28 27 19 20 14 13 32 31 22 20
1973 2 25 26 22 21 14 16 11 25 10 19 14 15 15 14 24 20 10 13 19 19 28 19 19 13 16 18 15 13 0 0 0
1973 3 20 18 10 18 19 22 28 10 19 19 37 30 13 30 31 24 38 32 13 23 24 13 11 18 22 28 15 16 30 15 21
1973 4 22 22 19 15 21 28 18 23 36 33 20 19 19 9 19 36 13 18 18 18 25 28 12 16 19 21 35 27 18 15 0
1973 5 31 33 24 26 13 14 21 30 21 34 23 24 10 24 18 32 21 19 22 19 11 19 18 15 23 16 28 33 18 21 19
1973 6 10 13 31 42 32 19 14 15 18 14 19 27 13 14 13 20 19 13 18 18 14 15 13 21 13 35 31 24 19 18 0
1973 7 13 22 22 28 10 11 12 9 9 19 19 15 19 20 12 13 11 8 9 30 18 14 12 16 14 21 19 18 11 14 13
1973 8 18 13 10 7 8 12 13 19 37 14 28 15 19 22 13 8 10 15 25 31 18 16 12 12 14 13 13 10 8 25 15
1973 9 13 11 9 8 21 16 9 10 15 9 15 12 14 14 14 13 22 22 16 10 13 27 10 12 15 15 19 19 18 13 0
1973 10 21 18 18 25 22 12 12 10 8 10 13 19 22 16 23 25 19 23 21 18 13 7 8 18 23 12 15 19 20 22 28
1973 11 31 24 14 15 19 18 8 21 23 11 19 21 23 20 34 28 13 22 12 21 30 19 12 19 31 20 24 36 20 30 0
1973 12 14 18 22 28 26 27 9 18 20 26 14 14 27 20 14 20 19 15 16 22 16 26 20 22 30 51 31 26 23 14 22
1974 1 16 20 16 13 9 16 23 20 20 19 15 20 13 20 22 25 14 19 20 23 23 18 20 8 10 34 32 27 15 23 25
1974 2 19 23 16 21 20 23 21 18 15 26 24 21 18 19 18 18 18 24 24 16 26 41 21 25 18 14 26 31 0 0 0
1974 3 23 27 39 31 41 24 25 24 27 25 18 29 19 13 25 31 25 23 26 13 27 23 24 24 18 27 12 18 18 27 21
1974 4 39 27 32 35 21 20 28 31 19 11 25 34 18 50 24 9 14 16 18 13 33 25 27 19 10 12 23 27 25 20 0
1974 5 14 18 26 9 19 26 15 23 15 12 46 33 24 43 29 29 20 17 16 11 10 17 32 20 14 10 8 16 32 26 17
1974 6 18 14 10 14 19 26 28 18 29 37 28 17 14 32 28 18 24 20 18 43 26 27 25 19 18 20 17 12 17 26 0
1974 7 17 24 18 30 15 9 13 12 11 30 15 12 10 16 18 11 11 15 14 17 11 16 15 14 11 8 10 18 28 18 17
1974 8 13 19 19 30 11 13 26 10 18 15 17 14 44 18 10 17 17 18 5 11 15 12 17 9 8 14 25 14 18 12 20
1974 9 12 23 21 15 15 11 8 8 8 11 31 19 20 10 18 13 15 11 13 16 16 18 9 14 20 16 17 19 29 24 0
1974 10 21 20 11 18 24 23 18 10 13 10 17 12 12 28 17 12 25 15 17 18 13 19 13 11 17 8 8 13 18 15 18
1974 11 18 14 27 16 27 16 10 6 10 12 27 16 30 38 31 16 18 14 20 31 31 16 23 26 20 15 21 20 11 20 0
1974 12 24 21 18 12 9 14 18 24 24 19 16 15 9 17 21 17 25 24 30 12 20 19 21 18 21 15 17 15 13 16 15
1975 1 33 19 26 21 12 28 18 31 24 38 41 18 16 20 20 26 17 33 26 20 28 8 17 19 37 37 12 13 40 10 16
1975 2 16 15 18 20 15 21 21 19 19 17 14 27 21 13 20 12 29 23 23 15 20 19 30 32 41 30 26 29 0 0 0
1975 3 19 27 24 13 18 18 33 31 12 17 15 27 38 29 14 10 12 19 26 13 19 29 25 45 35 19 25 21 30 37 27
1975 4 15 27 45 26 24 20 15 14 18 18 18 21 17 16 18 12 24 28 35 24 11 18 31 17 18 16 23 21 12 15 0
1975 5 19 10 18 25 14 21 21 14 16 15 16 18 10 16 21 16 15 12 19 18 19 31 11 16 28 32 17 13 26 23 18
1975 6 24 21 20 28 26 29 23 13 17 21 21 27 24 21 30 14 27 18 18 17 10 16 16 18 23 15 9 14 16 16 0
1975 7 10 14 35 18 13 12 19 16 15 23 10 18 20 16 13 9 19 18 29 15 9 10 13 18 11 9 29 13 14 11 11
1975 8 12 27 27 13 26 19 15 10 14 20 24 13 18 10 19 12 10 8 10 10 18 18 16 20 23 19 9 14 21 15 18
1975 9 12 9 27 9 37 16 12 15 13 12 18 20 18 9 12 12 15 11 18 18 23 9 20 26 13 9 9 8 16 15 0
1975 10 15 23 13 9 16 15 9 15 16 10 15 10 25 20 31 9 38 25 17 19 26 19 18 24 25 11 11 17 19 14 18
1975 11 28 20 14 11 9 16 19 24 23 37 18 20 28 21 25 14 13 8 14 35 28 16 5 12 15 25 35 14 28 37 0
1975 12 30 23 13 18 24 27 17 11 16 19 13 16 24 37 28 18 19 27 29 29 27 9 15 14 19 18 11 9 14 18 29
1976 1 19 24 30 29 12 23 26 19 20 21 30 19 48 21 26 27 19 14 30 19 29 24 18 17 26 23 14 28 21 21 16
1976 2 28 17 21 18 19 14 28 25 19 32 27 26 18 16 31 32 27 35 37 19 43 28 23 25 27 21 25 17 25 0 0
1976 3 17 24 23 29 43 24 30 14 17 21 16 37 34 26 18 30 19 25 30 45 35 10 20 34 28 40 45 14 20 40 25
1976 4 24 20 24 29 20 18 19 24 15 18 27 8 9 14 24 26 20 25 21 15 30 26 17 45 30 20 15 11 11 12 0
1976 5 24 41 26 20 32 29 19 12 17 18 23 12 27 18 21 26 20 27 25 26 18 17 18 18 15 11 13 21 18 17 19
1976 6 15 18 18 18 19 15 11 17 12 21 17 15 17 27 32 21 13 19 19 18 14 20 18 24 15 11 9 21 43 27 0
1976 7 21 27 13 15 14 16 24 15 8 25 31 19 13 20 41 24 16 9 12 19 19 12 25 18 11 13 17 33 18 10 19
1976 8 16 15 12 13 23 16 20 12 13 9 14 25 27 18 13 10 12 11 14 15 10 9 15 11 17 15 14 21 18 8 15
1976 9 14 15 13 19 17 11 13 12 26 20 24 14 14 14 11 20 16 11 14 21 23 18 24 15 11 18 15 10 9 10 0
1976 10 13 9 10 15 24 24 17 14 18 9 12 19 32 17 26 16 15 14 21 20 37 21 20 20 21 17 16 14 14 20 20
1976 11 8 20 24 18 19 21 24 20 34 21 12 14 15 11 11 9 27 25 20 16 25 25 23 17 31 28 24 18 23 26 0
1976 12 21 25 17 23 14 14 25 18 24 29 18 26 19 25 13 24 24 13 18 29 28 27 35 19 19 30 20 21 25 19 25
1977 1 19 10 10 10 16 14 28 17 19 34 24 19 18 16 20 25 25 14 23 15 16 17 16 14 20 45 26 41 30 26 31
1977 2 21 21 35 25 26 13 11 14 21 18 18 29 28 18 14 13 14 15 14 18 19 28 35 37 31 24 31 21 0 0 0
1977 3 21 15 30 48 24 16 16 19 31 18 26 41 25 16 32 28 26 37 19 32 16 40 27 14 17 15 21 41 29 43 31
1977 4 23 34 28 33 45 28 41 17 13 26 28 23 29 14 15 11 12 14 27 30 24 18 24 24 18 16 31 26 11 13 0
1977 5 21 18 17 21 26 17 16 30 23 15 11 16 21 18 15 11 18 18 13 12 24 21 11 19 17 18 10 13 19 10 24
1977 6 35 18 10 15 18 34 28 31 25 9 18 16 13 13 11 12 20 21 19 28 17 16 14 15 21 11 19 28 23 37 0
1977 7 26 13 18 18 15 21 31 15 17 15 21 23 13 12 10 21 19 18 16 14 28 18 11 16 21 17 16 18 17 9 20
1977 8 16 13 15 19 23 29 26 20 13 19 28 13 19 13 16 24 19 11 15 10 23 14 10 17 19 14 18 23 16 8 15
1977 9 14 18 13 10 18 11 12 12 19 18 10 19 27 18 19 18 18 25 19 17 11 8 13 31 15 23 17 15 14 17 0
1977 10 34 19 21 12 19 17 19 25 21 13 21 18 9 13 19 26 19 31 17 10 14 18 12 17 17 12 9 14 16 16 19
1977 11 17 15 14 20 15 19 11 8 24 30 27 20 6 16 25 20 26 21 20 27 23 18 18 16 29 27 28 21 11 18 0
1977 12 37 23 20 15 27 30 25 25 26 13 10 26 19 18 14 15 27 18 20 30 27 29 29 35 32 17 17 20 18 16 16
1978 1 33 26 24 21 15 10 19 32 33 27 12 13 14 23 17 11 21 17 26 25 17 8 10 19 26 60 40 20 19 17 17
1978 2 9 10 8 8 19 17 15 11 11 9 13 10 20 23 12 10 12 10 8 8 17 12 21 28 30 19 8 13 0 0 0
1978 3 15 16 20 18 13 11 18 19 13 12 13 15 27 29 14 18 20 31 23 18 26 25 14 31 23 16 14 28 19 13 28
1978 4 34 24 18 32 19 31 27 18 20 26 26 33 30 20 19 15 18 33 25 28 17 13 32 18 24 32 18 10 10 16 0
1978 5 23 14 19 26 25 16 21 32 35 18 26 29 35 18 10 16 12 14 15 27 16 10 13 12 10 9 10 9 14 18 15
1978 6 15 17 20 18 15 18 20 17 16 14 25 28 18 13 14 25 23 17 14 16 17 10 9 10 31 21 32 9 13 15 0
1978 7 35 18 15 11 12 13 21 17 14 18 14 13 18 14 20 18 8 13 12 9 17 18 29 15 11 20 18 12 19 12 11
1978 8 14 33 17 15 10 10 18 14 20 13 16 21 10 11 15 26 17 15 26 15 9 8 13 17 13 9 27 23 15 15 15
1978 9 10 6 16 13 6 8 16 13 8 9 14 13 14 25 15 17 17 20 16 14 23 21 15 16 15 11 25 17 14 21 0
1978 10 13 11 17 21 27 23 17 13 17 16 18 17 18 18 18 18 11 18 18 11 15 17 21 14 27 19 18 14 14 14 12
1978 11 11 10 8 10 18 19 19 11 17 14 11 14 18 19 12 17 37 31 9 12 11 11 23 25 15 19 19 32 18 20 0
1978 12 20 18 20 23 19 12 17 20 21 21 17 21 31 25 28 31 29 16 18 28 27 26 14 25 26 20 18 20 19 18 31
1979 1 27 26 24 26 13 5 18 18 20 16 15 13 15 28 19 20 28 19 23 12 24 25 18 32 29 17 17 28 28 15 25
1979 2 18 11 20 27 14 13 19 15 18 13 16 25 9 17 19 23 24 25 16 16 26 24 20 27 29 19 12 18 0 0 0
1979 3 18 14 26 32 18 21 12 17 18 26 26 16 38 37 23 13 16 13 14 12 11 17 28 30 19 18 13 21 37 30 21
1979 4 15 35 17 23 46 38 15 28 26 15 26 24 25 29 23 18 17 13 11 13 17 14 12 15 25 24 23 23 14 27 0
1979 5 12 21 19 19 9 14 27 21 18 11 19 20 12 18 23 13 11 10 19 13 20 17 13 24 34 28 18 27 11 17 17
1979 6 20 12 12 15 18 17 23 16 21 32 27 19 14 15 15 12 20 21 16 38 19 18 16 19 13 13 15 15 28 18 0
1979 7 25 17 14 20 17 13 16 18 15 9 12 18 15 18 18 13 17 14 12 10 8 23 47 18 16 12 16 17 14 15 24
1979 8 18 17 11 21 32 10 18 21 18 31 17 18 18 18 15 11 16 31 12 24 10 13 14 14 6 13 15 32 18 8 11
1979 9 27 14 11 12 14 18 16 15 11 14 10 14 18 35 10 6 10 27 18 15 15 25 17 6 9 8 15 13 8 5 0
1979 10 27 21 16 20 18 34 23 21 17 18 23 25 18 15 17 13 11 11 28 26 27 37 30 18 15 8 23 17 9 19 25
1979 11 26 13 15 9 13 26 17 18 20 18 14 18 15 15 25 18 18 14 20 11 25 26 21 13 25 41 27 26 23 26 0
1979 12 30 16 23 17 34 18 46 27 20 20 28 27 16 18 15 28 26 14 16 11 18 23 18 32 30 15 16 13 6 12 13
1980 1 10 11 14 18 18 28 32 12 17 26 38 30 17 14 25 18 24 11 12 15 16 26 28 26 19 12 13 11 18 17 17
1980 2 23 9 11 12 17 17 14 8 16 12 27 13 17 16 20 23 16 17 18 17 21 27 15 19 41 31 28 15 18 0 0
1980 3 20 14 24 24 27 18 18 28 16 33 26 26 20 27 14 33 26 17 21 18 37 16 16 19 19 10 14 18 18 21 15
1980 4 15 17 26 29 20 18 27 55 30 23 20 20 20 29 26 19 11 8 12 28 11 24 25 26 15 14 20 15 13 15 0
1980 5 12 6 13 15 19 18 24 25 17 25 23 23 31 18 12 24 27 20 17 13 11 12 17 13 21 16 6 12 15 31 20
1980 6 30 39 23 11 16 24 26 28 29 15 15 15 10 16 26 20 8 5 28 24 8 10 17 20 11 8 14 30 26 17 0
1980 7 21 14 14 14 43 11 15 18 54 14 13 29 12 12 17 26 18 15 14 17 32 16 14 10 11 13 14 16 13 11 18
1980 8 19 24 19 16 18 25 20 21 23 18 28 12 17 16 14 14 17 20 9 10 18 17 16 11 5 9 10 11 18 14 18
1980 9 31 15 10 15 11 11 11 10 32 15 8 12 18 19 14 16 34 6 13 18 25 25 18 14 24 16 14 6 17 13 0
1980 10 20 24 18 10 15 18 15 19 14 27 31 19 11 17 15 17 25 17 19 19 23 12 18 21 31 23 19 18 9 12 23
1980 11 15 13 33 23 16 23 28 18 28 24 13 11 18 18 15 17 18 18 13 16 18 13 18 18 15 16 27 28 31 25 0
1980 12 20 34 23 15 12 17 17 28 15 20 16 26 21 19 11 18 24 19 24 13 5 16 17 28 10 16 8 11 21 24 17
1981 1 23 25 23 13 13 27 25 8 13 15 15 18 17 11 12 20 19 17 14 11 17 23 14 11 21 29 18 21 21 18 19
1981 2 25 32 25 24 18 23 23 37 30 32 32 17 10 10 14 16 14 16 13 19 13 21 30 18 12 12 18 20 0 0 0
1981 3 18 24 18 12 20 20 17 13 10 18 19 35 30 18 28 29 23 18 25 20 13 18 21 17 11 30 17 19 37 43 26
1981 4 45 20 30 29 21 18 27 39 27 33 27 26 18 29 11 19 28 18 17 28 18 20 32 30 18 15 11 29 23 11 0
1981 5 18 18 12 13 13 29 20 17 10 34 18 17 9 18 19 15 23 19 25 18 10 12 12 20 18 14 17 17 13 13 16
1981 6 14 14 23 13 19 15 9 25 24 28 8 16 31 20 20 25 13 10 12 11 19 29 15 24 23 17 11 13 17 20 0
1981 7 15 26 20 18 13 10 9 17 27 14 14 10 38 15 11 11 8 9 15 32 17 13 13 6 13 21 16 20 14 14 13
1981 8 11 11 13 15 19 11 18 18 13 20 15 13 11 15 20 18 17 16 16 17 15 9 11 12 9 9 12 15 27 15 17
1981 9 18 18 16 15 11 12 15 18 14 20 18 12 13 24 16 15 13 17 26 18 18 19 13 8 18 23 23 15 21 16 0
1981 10 27 25 8 18 19 33 20 11 16 11 15 10 14 14 11 20 29 41 23 31 18 17 23 14 12 11 20 10 13 11 11
1981 11 10 10 6 12 18 31 13 17 20 17 13 14 11 8 6 8 17 12 29 33 26 17 18 14 16 32 27 13 6 27 0
1981 12 33 27 17 21 17 15 29 27 21 21 16 8 10 14 14 14 17 18 16 14 27 32 24 18 11 13 26 16 14 18 23